78.7518029209303
124.002228539163
115.949550616112
70.3858697103541
240.010069439163
152.989845026703
81.718326078083
22.1457058107155
84.0740437148074
158.181681022703
79.5395575362326
63.0203436382441
121.188527139228
80.1665359027189
90.2420355250748
51.0164546955191
37.1079888526376
62.1856510910608
96.8902298676074
85.3616901831451
109.352226548923
230.459919340303
162.870188723531
93.3835721392752
59.7712088749628
95.6946251047611
74.096403051188
59.5083748030997
370.575561235266
102.936674476121
89.6596990219114
58.1976234436483
82.3218839913075
148.642912871405
67.4422786216446
110.434511585616
113.420441410726
294.796720672706
90.8259993451295
57.9989248866272
40.1550508524738
207.951862406438
96.372686645674
161.359525147798
12.0411040907439
37.4484019540143
91.1592690964246
99.4170053386542
74.9977635984503
27.5883975596959
78.0934952309564
